00000000000000000011111111111111
00000000000000111111111111111111
00000000000011111111111111110000
00000000000011010101010101000000
00000000000011010101011101000000
00000000000011010101010101000000
00000000000001010101011111000001
00000000000001010101010101001100
00000000000011111111111111110000
00000000001100001111111100000000
00000000010000001111111100000000
00000000000000001010101010000000
00000000000010101010101010100000
00000000111010100000000010100000
00000000111000000000000010100000
00000000110000000000000011111100
